{
 "cells": [
  {
   "cell_type": "markdown",
   "metadata": {},
   "source": [
    "# Лабораторная работа №1"
   ]
  },
  {
   "cell_type": "markdown",
   "metadata": {},
   "source": [
    "### Выполнила студентка группы БВТ1901 Атаулина Рената"
   ]
  },
  {
   "cell_type": "code",
   "execution_count": 1,
   "metadata": {},
   "outputs": [
    {
     "name": "stdout",
     "output_type": "stream",
     "text": [
      "[315, 84, 441, 749, -302, -669, 519, -128, 922, -817, 783, 14, -560, 763, 803, -305, 201, -744, 378, 457]\n",
      "[164, 496, -935, 866, 742, -260, 973, -698, -620, -724, -731, -648, 347, 164, 610, -582, -746, 772, -152, 180]\n",
      "[-190, -817, -463, 570, 341, -144, -862, 542, 241, -960, -805, 657, -218, 122, 409, -286, 280, -167, 918, -872]\n",
      "[-344, 469, -998, 56, 686, 330, 112, -173, -236, -85, 130, 92, 466, -508, 133, 710, -993, 100, -503, 365]\n",
      "[-473, 196, 436, -807, 379, -968, -445, 428, 408, 714, -832, -421, -95, 19, 172, -411, -22, 998, -844, -469]\n",
      "[-216, 413, 941, 259, -502, -322, 848, 826, 733, -744, -837, -83, 216, 506, -229, 692, -952, -417, 79, 365]\n",
      "[-724, -444, -60, -757, -701, 590, 935, 747, -849, 653, -826, 185, -551, -624, -592, 974, -617, 984, 930, -166]\n",
      "[-907, -464, -147, -676, -882, 578, 267, 715, 68, 260, -790, 584, 866, 753, 452, 536, 750, 552, -734, -995]\n",
      "[-919, 502, -720, 739, 104, 392, -476, 465, -325, 992, -667, 332, 961, 599, 215, 35, 934, -545, -919, -614]\n",
      "[-307, -300, -293, 669, 915, 379, 696, -31, -778, -703, -250, -742, 355, -228, 987, 899, -539, 806, 150, -328]\n",
      "[-289, -352, -151, 586, 839, 48, -934, -693, -24, -226, 836, 926, 609, 179, 871, -636, -837, 471, -301, 138]\n",
      "[810, 164, -470, 18, -422, 211, 463, 149, -679, -116, -982, 968, -933, -629, 501, -726, -126, -101, -127, 857]\n",
      "[-382, -771, -780, -298, -767, -963, 752, -250, -310, -471, -951, -680, 331, -979, 116, 143, 975, -952, -642, 84]\n",
      "[-542, -356, -834, 720, -765, -30, -188, 675, 859, 648, -412, 671, -514, 492, -134, 847, 968, 396, -435, -5]\n",
      "[772, -946, -72, -930, 826, -935, -133, -186, -583, -759, -144, -44, -952, -641, 225, -824, -319, -767, -343, -83]\n",
      "[-745, 531, -584, 958, 810, -1000, 798, 793, 513, 316, 520, -122, 677, -406, -721, -915, -326, -356, 436, 355]\n",
      "[449, 26, 405, 441, 226, 142, 196, 651, 356, 738, -600, -614, -196, -252, -259, 802, -320, -901, 387, 651]\n",
      "[515, -568, -287, 528, 864, 91, 672, -442, 587, 760, 90, 292, -626, -985, 588, 539, -850, -967, 224, 682]\n",
      "[-480, -235, 401, -49, -136, -471, 166, 826, 320, 831, 749, 379, -797, -336, 138, -96, -71, 150, 474, -933]\n",
      "[649, 612, -544, 747, 950, -598, -709, -371, 275, 631, 419, 897, -651, -948, -336, 537, -326, -796, 245, -79]\n"
     ]
    }
   ],
   "source": [
    "import random\n",
    "\n",
    "n = 20\n",
    "\n",
    "def generate_matrix():  \n",
    "    return [[random.randrange(-1000, 1000) for y in range(n)] for x in range(n)]\n",
    "\n",
    "matrix = generate_matrix()\n",
    "for i in range(n):\n",
    "    print(matrix[i])"
   ]
  },
  {
   "cell_type": "markdown",
   "metadata": {},
   "source": [
    "### Сортировка встроенная"
   ]
  },
  {
   "cell_type": "code",
   "execution_count": 2,
   "metadata": {},
   "outputs": [
    {
     "name": "stdout",
     "output_type": "stream",
     "text": [
      "[-817, -744, -669, -560, -305, -302, -128, 14, 84, 201, 315, 378, 441, 457, 519, 749, 763, 783, 803, 922]\n",
      "[-935, -746, -731, -724, -698, -648, -620, -582, -260, -152, 164, 164, 180, 347, 496, 610, 742, 772, 866, 973]\n",
      "[-960, -872, -862, -817, -805, -463, -286, -218, -190, -167, -144, 122, 241, 280, 341, 409, 542, 570, 657, 918]\n",
      "[-998, -993, -508, -503, -344, -236, -173, -85, 56, 92, 100, 112, 130, 133, 330, 365, 466, 469, 686, 710]\n",
      "[-968, -844, -832, -807, -473, -469, -445, -421, -411, -95, -22, 19, 172, 196, 379, 408, 428, 436, 714, 998]\n",
      "[-952, -837, -744, -502, -417, -322, -229, -216, -83, 79, 216, 259, 365, 413, 506, 692, 733, 826, 848, 941]\n",
      "[-849, -826, -757, -724, -701, -624, -617, -592, -551, -444, -166, -60, 185, 590, 653, 747, 930, 935, 974, 984]\n",
      "[-995, -907, -882, -790, -734, -676, -464, -147, 68, 260, 267, 452, 536, 552, 578, 584, 715, 750, 753, 866]\n",
      "[-919, -919, -720, -667, -614, -545, -476, -325, 35, 104, 215, 332, 392, 465, 502, 599, 739, 934, 961, 992]\n",
      "[-778, -742, -703, -539, -328, -307, -300, -293, -250, -228, -31, 150, 355, 379, 669, 696, 806, 899, 915, 987]\n",
      "[-934, -837, -693, -636, -352, -301, -289, -226, -151, -24, 48, 138, 179, 471, 586, 609, 836, 839, 871, 926]\n",
      "[-982, -933, -726, -679, -629, -470, -422, -127, -126, -116, -101, 18, 149, 164, 211, 463, 501, 810, 857, 968]\n",
      "[-979, -963, -952, -951, -780, -771, -767, -680, -642, -471, -382, -310, -298, -250, 84, 116, 143, 331, 752, 975]\n",
      "[-834, -765, -542, -514, -435, -412, -356, -188, -134, -30, -5, 396, 492, 648, 671, 675, 720, 847, 859, 968]\n",
      "[-952, -946, -935, -930, -824, -767, -759, -641, -583, -343, -319, -186, -144, -133, -83, -72, -44, 225, 772, 826]\n",
      "[-1000, -915, -745, -721, -584, -406, -356, -326, -122, 316, 355, 436, 513, 520, 531, 677, 793, 798, 810, 958]\n",
      "[-901, -614, -600, -320, -259, -252, -196, 26, 142, 196, 226, 356, 387, 405, 441, 449, 651, 651, 738, 802]\n",
      "[-985, -967, -850, -626, -568, -442, -287, 90, 91, 224, 292, 515, 528, 539, 587, 588, 672, 682, 760, 864]\n",
      "[-933, -797, -480, -471, -336, -235, -136, -96, -71, -49, 138, 150, 166, 320, 379, 401, 474, 749, 826, 831]\n",
      "[-948, -796, -709, -651, -598, -544, -371, -336, -326, -79, 245, 275, 419, 537, 612, 631, 649, 747, 897, 950]\n"
     ]
    }
   ],
   "source": [
    "def DS(matrix):\n",
    "    for i in range(n):\n",
    "        default_sort(matrix[i])\n",
    "    return matrix\n",
    "def default_sort(arr):\n",
    "    arr.sort()\n",
    "    return arr\n",
    "\n",
    "matrix2 = DS(matrix)\n",
    "for i in range(n):\n",
    "    print(matrix2[i])"
   ]
  },
  {
   "cell_type": "markdown",
   "metadata": {},
   "source": [
    "### Сортировка выбором"
   ]
  },
  {
   "cell_type": "code",
   "execution_count": 3,
   "metadata": {},
   "outputs": [
    {
     "name": "stdout",
     "output_type": "stream",
     "text": [
      "[-817, -744, -669, -560, -305, -302, -128, 14, 84, 201, 315, 378, 441, 457, 519, 749, 763, 783, 803, 922]\n",
      "[-935, -746, -731, -724, -698, -648, -620, -582, -260, -152, 164, 164, 180, 347, 496, 610, 742, 772, 866, 973]\n",
      "[-960, -872, -862, -817, -805, -463, -286, -218, -190, -167, -144, 122, 241, 280, 341, 409, 542, 570, 657, 918]\n",
      "[-998, -993, -508, -503, -344, -236, -173, -85, 56, 92, 100, 112, 130, 133, 330, 365, 466, 469, 686, 710]\n",
      "[-968, -844, -832, -807, -473, -469, -445, -421, -411, -95, -22, 19, 172, 196, 379, 408, 428, 436, 714, 998]\n",
      "[-952, -837, -744, -502, -417, -322, -229, -216, -83, 79, 216, 259, 365, 413, 506, 692, 733, 826, 848, 941]\n",
      "[-849, -826, -757, -724, -701, -624, -617, -592, -551, -444, -166, -60, 185, 590, 653, 747, 930, 935, 974, 984]\n",
      "[-995, -907, -882, -790, -734, -676, -464, -147, 68, 260, 267, 452, 536, 552, 578, 584, 715, 750, 753, 866]\n",
      "[-919, -919, -720, -667, -614, -545, -476, -325, 35, 104, 215, 332, 392, 465, 502, 599, 739, 934, 961, 992]\n",
      "[-778, -742, -703, -539, -328, -307, -300, -293, -250, -228, -31, 150, 355, 379, 669, 696, 806, 899, 915, 987]\n",
      "[-934, -837, -693, -636, -352, -301, -289, -226, -151, -24, 48, 138, 179, 471, 586, 609, 836, 839, 871, 926]\n",
      "[-982, -933, -726, -679, -629, -470, -422, -127, -126, -116, -101, 18, 149, 164, 211, 463, 501, 810, 857, 968]\n",
      "[-979, -963, -952, -951, -780, -771, -767, -680, -642, -471, -382, -310, -298, -250, 84, 116, 143, 331, 752, 975]\n",
      "[-834, -765, -542, -514, -435, -412, -356, -188, -134, -30, -5, 396, 492, 648, 671, 675, 720, 847, 859, 968]\n",
      "[-952, -946, -935, -930, -824, -767, -759, -641, -583, -343, -319, -186, -144, -133, -83, -72, -44, 225, 772, 826]\n",
      "[-1000, -915, -745, -721, -584, -406, -356, -326, -122, 316, 355, 436, 513, 520, 531, 677, 793, 798, 810, 958]\n",
      "[-901, -614, -600, -320, -259, -252, -196, 26, 142, 196, 226, 356, 387, 405, 441, 449, 651, 651, 738, 802]\n",
      "[-985, -967, -850, -626, -568, -442, -287, 90, 91, 224, 292, 515, 528, 539, 587, 588, 672, 682, 760, 864]\n",
      "[-933, -797, -480, -471, -336, -235, -136, -96, -71, -49, 138, 150, 166, 320, 379, 401, 474, 749, 826, 831]\n",
      "[-948, -796, -709, -651, -598, -544, -371, -336, -326, -79, 245, 275, 419, 537, 612, 631, 649, 747, 897, 950]\n"
     ]
    }
   ],
   "source": [
    "def SS(matrix):\n",
    "    for i in range(n):\n",
    "        selection_sort(matrix[i])\n",
    "    return matrix\n",
    "def selection_sort(arr):\n",
    "    for i in range(0, len(arr) - 1):\n",
    "        smallest = i\n",
    "        for j in range(i + 1, len(arr)-1):\n",
    "            if arr[j] < arr[smallest]:\n",
    "                smallest = j\n",
    "        arr[i], arr[smallest] = arr[smallest], arr[i]\n",
    "    return arr\n",
    "matrix2 = SS(matrix)\n",
    "for i in range(n):\n",
    "    print(matrix2[i])"
   ]
  },
  {
   "cell_type": "markdown",
   "metadata": {},
   "source": [
    "### Сортировка вставкой"
   ]
  },
  {
   "cell_type": "code",
   "execution_count": 4,
   "metadata": {},
   "outputs": [
    {
     "name": "stdout",
     "output_type": "stream",
     "text": [
      "[-817, -744, -669, -560, -305, -302, -128, 14, 84, 201, 315, 378, 441, 457, 519, 749, 763, 783, 803, 922]\n",
      "[-935, -746, -731, -724, -698, -648, -620, -582, -260, -152, 164, 164, 180, 347, 496, 610, 742, 772, 866, 973]\n",
      "[-960, -872, -862, -817, -805, -463, -286, -218, -190, -167, -144, 122, 241, 280, 341, 409, 542, 570, 657, 918]\n",
      "[-998, -993, -508, -503, -344, -236, -173, -85, 56, 92, 100, 112, 130, 133, 330, 365, 466, 469, 686, 710]\n",
      "[-968, -844, -832, -807, -473, -469, -445, -421, -411, -95, -22, 19, 172, 196, 379, 408, 428, 436, 714, 998]\n",
      "[-952, -837, -744, -502, -417, -322, -229, -216, -83, 79, 216, 259, 365, 413, 506, 692, 733, 826, 848, 941]\n",
      "[-849, -826, -757, -724, -701, -624, -617, -592, -551, -444, -166, -60, 185, 590, 653, 747, 930, 935, 974, 984]\n",
      "[-995, -907, -882, -790, -734, -676, -464, -147, 68, 260, 267, 452, 536, 552, 578, 584, 715, 750, 753, 866]\n",
      "[-919, -919, -720, -667, -614, -545, -476, -325, 35, 104, 215, 332, 392, 465, 502, 599, 739, 934, 961, 992]\n",
      "[-778, -742, -703, -539, -328, -307, -300, -293, -250, -228, -31, 150, 355, 379, 669, 696, 806, 899, 915, 987]\n",
      "[-934, -837, -693, -636, -352, -301, -289, -226, -151, -24, 48, 138, 179, 471, 586, 609, 836, 839, 871, 926]\n",
      "[-982, -933, -726, -679, -629, -470, -422, -127, -126, -116, -101, 18, 149, 164, 211, 463, 501, 810, 857, 968]\n",
      "[-979, -963, -952, -951, -780, -771, -767, -680, -642, -471, -382, -310, -298, -250, 84, 116, 143, 331, 752, 975]\n",
      "[-834, -765, -542, -514, -435, -412, -356, -188, -134, -30, -5, 396, 492, 648, 671, 675, 720, 847, 859, 968]\n",
      "[-952, -946, -935, -930, -824, -767, -759, -641, -583, -343, -319, -186, -144, -133, -83, -72, -44, 225, 772, 826]\n",
      "[-1000, -915, -745, -721, -584, -406, -356, -326, -122, 316, 355, 436, 513, 520, 531, 677, 793, 798, 810, 958]\n",
      "[-901, -614, -600, -320, -259, -252, -196, 26, 142, 196, 226, 356, 387, 405, 441, 449, 651, 651, 738, 802]\n",
      "[-985, -967, -850, -626, -568, -442, -287, 90, 91, 224, 292, 515, 528, 539, 587, 588, 672, 682, 760, 864]\n",
      "[-933, -797, -480, -471, -336, -235, -136, -96, -71, -49, 138, 150, 166, 320, 379, 401, 474, 749, 826, 831]\n",
      "[-948, -796, -709, -651, -598, -544, -371, -336, -326, -79, 245, 275, 419, 537, 612, 631, 649, 747, 897, 950]\n"
     ]
    }
   ],
   "source": [
    "def IS(matrix):\n",
    "    for i in range(n):\n",
    "        insertion_sort(matrix[i])\n",
    "    return matrix\n",
    "def insertion_sort(arr):\n",
    "    for i in range(1, len(arr)):\n",
    "        temp = arr[i]\n",
    "        j = i - 1\n",
    "        while (j >= 0 and temp < arr[j]):\n",
    "            arr[j + 1] = arr[j]\n",
    "            j = j - 1\n",
    "        arr[j + 1] = temp\n",
    "    return arr\n",
    "matrix2 = IS(matrix)\n",
    "for i in range(n):\n",
    "    print(matrix2[i])"
   ]
  },
  {
   "cell_type": "markdown",
   "metadata": {},
   "source": [
    "### Сортировка обменом"
   ]
  },
  {
   "cell_type": "code",
   "execution_count": 5,
   "metadata": {},
   "outputs": [
    {
     "name": "stdout",
     "output_type": "stream",
     "text": [
      "[-817, -744, -669, -560, -305, -302, -128, 14, 84, 201, 315, 378, 441, 457, 519, 749, 763, 783, 803, 922]\n",
      "[-935, -746, -731, -724, -698, -648, -620, -582, -260, -152, 164, 164, 180, 347, 496, 610, 742, 772, 866, 973]\n",
      "[-960, -872, -862, -817, -805, -463, -286, -218, -190, -167, -144, 122, 241, 280, 341, 409, 542, 570, 657, 918]\n",
      "[-998, -993, -508, -503, -344, -236, -173, -85, 56, 92, 100, 112, 130, 133, 330, 365, 466, 469, 686, 710]\n",
      "[-968, -844, -832, -807, -473, -469, -445, -421, -411, -95, -22, 19, 172, 196, 379, 408, 428, 436, 714, 998]\n",
      "[-952, -837, -744, -502, -417, -322, -229, -216, -83, 79, 216, 259, 365, 413, 506, 692, 733, 826, 848, 941]\n",
      "[-849, -826, -757, -724, -701, -624, -617, -592, -551, -444, -166, -60, 185, 590, 653, 747, 930, 935, 974, 984]\n",
      "[-995, -907, -882, -790, -734, -676, -464, -147, 68, 260, 267, 452, 536, 552, 578, 584, 715, 750, 753, 866]\n",
      "[-919, -919, -720, -667, -614, -545, -476, -325, 35, 104, 215, 332, 392, 465, 502, 599, 739, 934, 961, 992]\n",
      "[-778, -742, -703, -539, -328, -307, -300, -293, -250, -228, -31, 150, 355, 379, 669, 696, 806, 899, 915, 987]\n",
      "[-934, -837, -693, -636, -352, -301, -289, -226, -151, -24, 48, 138, 179, 471, 586, 609, 836, 839, 871, 926]\n",
      "[-982, -933, -726, -679, -629, -470, -422, -127, -126, -116, -101, 18, 149, 164, 211, 463, 501, 810, 857, 968]\n",
      "[-979, -963, -952, -951, -780, -771, -767, -680, -642, -471, -382, -310, -298, -250, 84, 116, 143, 331, 752, 975]\n",
      "[-834, -765, -542, -514, -435, -412, -356, -188, -134, -30, -5, 396, 492, 648, 671, 675, 720, 847, 859, 968]\n",
      "[-952, -946, -935, -930, -824, -767, -759, -641, -583, -343, -319, -186, -144, -133, -83, -72, -44, 225, 772, 826]\n",
      "[-1000, -915, -745, -721, -584, -406, -356, -326, -122, 316, 355, 436, 513, 520, 531, 677, 793, 798, 810, 958]\n",
      "[-901, -614, -600, -320, -259, -252, -196, 26, 142, 196, 226, 356, 387, 405, 441, 449, 651, 651, 738, 802]\n",
      "[-985, -967, -850, -626, -568, -442, -287, 90, 91, 224, 292, 515, 528, 539, 587, 588, 672, 682, 760, 864]\n",
      "[-933, -797, -480, -471, -336, -235, -136, -96, -71, -49, 138, 150, 166, 320, 379, 401, 474, 749, 826, 831]\n",
      "[-948, -796, -709, -651, -598, -544, -371, -336, -326, -79, 245, 275, 419, 537, 612, 631, 649, 747, 897, 950]\n"
     ]
    }
   ],
   "source": [
    "def BS(matrix):\n",
    "    for i in range(n):\n",
    "        bubble_sort(matrix[i])\n",
    "    return matrix\n",
    "def bubble_sort(arr):\n",
    "    for main_index in range(len(arr) - 1):\n",
    "        for index in range(0, len(arr) - main_index - 1):\n",
    "            if arr[index] > arr[index + 1]:\n",
    "                arr[index], arr[index + 1] = arr[index + 1], arr[index]\n",
    "    return arr\n",
    "matrix2 = BS(matrix)\n",
    "for i in range(n):\n",
    "    print(matrix2[i])"
   ]
  },
  {
   "cell_type": "markdown",
   "metadata": {},
   "source": [
    "### Сортировка Шелла"
   ]
  },
  {
   "cell_type": "code",
   "execution_count": 6,
   "metadata": {},
   "outputs": [
    {
     "name": "stdout",
     "output_type": "stream",
     "text": [
      "[-817, -744, -669, -560, -305, -302, -128, 14, 84, 201, 315, 378, 441, 457, 519, 749, 763, 783, 803, 922]\n",
      "[-935, -746, -731, -724, -698, -648, -620, -582, -260, -152, 164, 164, 180, 347, 496, 610, 742, 772, 866, 973]\n",
      "[-960, -872, -862, -817, -805, -463, -286, -218, -190, -167, -144, 122, 241, 280, 341, 409, 542, 570, 657, 918]\n",
      "[-998, -993, -508, -503, -344, -236, -173, -85, 56, 92, 100, 112, 130, 133, 330, 365, 466, 469, 686, 710]\n",
      "[-968, -844, -832, -807, -473, -469, -445, -421, -411, -95, -22, 19, 172, 196, 379, 408, 428, 436, 714, 998]\n",
      "[-952, -837, -744, -502, -417, -322, -229, -216, -83, 79, 216, 259, 365, 413, 506, 692, 733, 826, 848, 941]\n",
      "[-849, -826, -757, -724, -701, -624, -617, -592, -551, -444, -166, -60, 185, 590, 653, 747, 930, 935, 974, 984]\n",
      "[-995, -907, -882, -790, -734, -676, -464, -147, 68, 260, 267, 452, 536, 552, 578, 584, 715, 750, 753, 866]\n",
      "[-919, -919, -720, -667, -614, -545, -476, -325, 35, 104, 215, 332, 392, 465, 502, 599, 739, 934, 961, 992]\n",
      "[-778, -742, -703, -539, -328, -307, -300, -293, -250, -228, -31, 150, 355, 379, 669, 696, 806, 899, 915, 987]\n",
      "[-934, -837, -693, -636, -352, -301, -289, -226, -151, -24, 48, 138, 179, 471, 586, 609, 836, 839, 871, 926]\n",
      "[-982, -933, -726, -679, -629, -470, -422, -127, -126, -116, -101, 18, 149, 164, 211, 463, 501, 810, 857, 968]\n",
      "[-979, -963, -952, -951, -780, -771, -767, -680, -642, -471, -382, -310, -298, -250, 84, 116, 143, 331, 752, 975]\n",
      "[-834, -765, -542, -514, -435, -412, -356, -188, -134, -30, -5, 396, 492, 648, 671, 675, 720, 847, 859, 968]\n",
      "[-952, -946, -935, -930, -824, -767, -759, -641, -583, -343, -319, -186, -144, -133, -83, -72, -44, 225, 772, 826]\n",
      "[-1000, -915, -745, -721, -584, -406, -356, -326, -122, 316, 355, 436, 513, 520, 531, 677, 793, 798, 810, 958]\n",
      "[-901, -614, -600, -320, -259, -252, -196, 26, 142, 196, 226, 356, 387, 405, 441, 449, 651, 651, 738, 802]\n",
      "[-985, -967, -850, -626, -568, -442, -287, 90, 91, 224, 292, 515, 528, 539, 587, 588, 672, 682, 760, 864]\n",
      "[-933, -797, -480, -471, -336, -235, -136, -96, -71, -49, 138, 150, 166, 320, 379, 401, 474, 749, 826, 831]\n",
      "[-948, -796, -709, -651, -598, -544, -371, -336, -326, -79, 245, 275, 419, 537, 612, 631, 649, 747, 897, 950]\n"
     ]
    }
   ],
   "source": [
    "def ShS(matrix):\n",
    "    for i in range(n):\n",
    "        shell_sort(matrix[i])\n",
    "    return matrix\n",
    "def shell_sort(arr):\n",
    "    step = len(arr) // 2 # ищем шаг\n",
    "    while step > 0:\n",
    "        for i in range(step, len(arr)):\n",
    "            value = arr[i]\n",
    "            j = i\n",
    "            while j >= step and arr[j - step] > value:\n",
    "                arr[j] = arr[j - step]\n",
    "                j = j - step\n",
    "            arr[j] = value\n",
    "        step = step // 2\n",
    "    return arr\n",
    "matrix2 = ShS(matrix)\n",
    "for i in range(n):\n",
    "    print(matrix2[i])"
   ]
  },
  {
   "cell_type": "markdown",
   "metadata": {},
   "source": [
    "### Быстрая сортировка"
   ]
  },
  {
   "cell_type": "code",
   "execution_count": 7,
   "metadata": {},
   "outputs": [
    {
     "name": "stdout",
     "output_type": "stream",
     "text": [
      "[-817, -744, -669, -560, -305, -302, -128, 14, 84, 201, 315, 378, 441, 457, 519, 749, 763, 783, 803, 922]\n",
      "[-935, -746, -731, -724, -698, -648, -620, -582, -260, -152, 164, 164, 180, 347, 496, 610, 742, 772, 866, 973]\n",
      "[-960, -872, -862, -817, -805, -463, -286, -218, -190, -167, -144, 122, 241, 280, 341, 409, 542, 570, 657, 918]\n",
      "[-998, -993, -508, -503, -344, -236, -173, -85, 56, 92, 100, 112, 130, 133, 330, 365, 466, 469, 686, 710]\n",
      "[-968, -844, -832, -807, -473, -469, -445, -421, -411, -95, -22, 19, 172, 196, 379, 408, 428, 436, 714, 998]\n",
      "[-952, -837, -744, -502, -417, -322, -229, -216, -83, 79, 216, 259, 365, 413, 506, 692, 733, 826, 848, 941]\n",
      "[-849, -826, -757, -724, -701, -624, -617, -592, -551, -444, -166, -60, 185, 590, 653, 747, 930, 935, 974, 984]\n",
      "[-995, -907, -882, -790, -734, -676, -464, -147, 68, 260, 267, 452, 536, 552, 578, 584, 715, 750, 753, 866]\n",
      "[-919, -919, -720, -667, -614, -545, -476, -325, 35, 104, 215, 332, 392, 465, 502, 599, 739, 934, 961, 992]\n",
      "[-778, -742, -703, -539, -328, -307, -300, -293, -250, -228, -31, 150, 355, 379, 669, 696, 806, 899, 915, 987]\n",
      "[-934, -837, -693, -636, -352, -301, -289, -226, -151, -24, 48, 138, 179, 471, 586, 609, 836, 839, 871, 926]\n",
      "[-982, -933, -726, -679, -629, -470, -422, -127, -126, -116, -101, 18, 149, 164, 211, 463, 501, 810, 857, 968]\n",
      "[-979, -963, -952, -951, -780, -771, -767, -680, -642, -471, -382, -310, -298, -250, 84, 116, 143, 331, 752, 975]\n",
      "[-834, -765, -542, -514, -435, -412, -356, -188, -134, -30, -5, 396, 492, 648, 671, 675, 720, 847, 859, 968]\n",
      "[-952, -946, -935, -930, -824, -767, -759, -641, -583, -343, -319, -186, -144, -133, -83, -72, -44, 225, 772, 826]\n",
      "[-1000, -915, -745, -721, -584, -406, -356, -326, -122, 316, 355, 436, 513, 520, 531, 677, 793, 798, 810, 958]\n",
      "[-901, -614, -600, -320, -259, -252, -196, 26, 142, 196, 226, 356, 387, 405, 441, 449, 651, 651, 738, 802]\n",
      "[-985, -967, -850, -626, -568, -442, -287, 90, 91, 224, 292, 515, 528, 539, 587, 588, 672, 682, 760, 864]\n",
      "[-933, -797, -480, -471, -336, -235, -136, -96, -71, -49, 138, 150, 166, 320, 379, 401, 474, 749, 826, 831]\n",
      "[-948, -796, -709, -651, -598, -544, -371, -336, -326, -79, 245, 275, 419, 537, 612, 631, 649, 747, 897, 950]\n"
     ]
    }
   ],
   "source": [
    "def QS(matrix):\n",
    "    for i in range(n):\n",
    "        quicksort(matrix[i], 0, len(matrix))\n",
    "    return matrix\n",
    "def quicksort(arr, start, end):\n",
    "    if end - start > 1:\n",
    "        p = partition(arr, start, end)\n",
    "        quicksort(arr, start, p)\n",
    "        quicksort(arr, p + 1, end)\n",
    "\n",
    "def partition(arr, start, end):\n",
    "    pivot = arr[start]\n",
    "    i = start + 1\n",
    "    j = end - 1\n",
    " \n",
    "    while True:\n",
    "        while (i <= j and arr[i] <= pivot):\n",
    "            i = i + 1\n",
    "        while (i <= j and arr[j] >= pivot):\n",
    "            j = j - 1\n",
    " \n",
    "        if i <= j:\n",
    "            arr[i], arr[j] = arr[j], arr[i]\n",
    "        else:\n",
    "            arr[start], arr[j] = arr[j], arr[start]\n",
    "            return j\n",
    "matrix2 = QS(matrix)\n",
    "for i in range(n):\n",
    "    print(matrix2[i])"
   ]
  },
  {
   "cell_type": "markdown",
   "metadata": {},
   "source": [
    "### Турнирная сортировка"
   ]
  },
  {
   "cell_type": "code",
   "execution_count": 8,
   "metadata": {},
   "outputs": [
    {
     "name": "stdout",
     "output_type": "stream",
     "text": [
      "[-817, -744, -669, -560, -305, -302, -128, 14, 84, 201, 315, 378, 441, 457, 519, 749, 763, 783, 803, 922]\n",
      "[-935, -746, -731, -724, -698, -648, -620, -582, -260, -152, 164, 164, 180, 347, 496, 610, 742, 772, 866, 973]\n",
      "[-960, -872, -862, -817, -805, -463, -286, -218, -190, -167, -144, 122, 241, 280, 341, 409, 542, 570, 657, 918]\n",
      "[-998, -993, -508, -503, -344, -236, -173, -85, 56, 92, 100, 112, 130, 133, 330, 365, 466, 469, 686, 710]\n",
      "[-968, -844, -832, -807, -473, -469, -445, -421, -411, -95, -22, 19, 172, 196, 379, 408, 428, 436, 714, 998]\n",
      "[-952, -837, -744, -502, -417, -322, -229, -216, -83, 79, 216, 259, 365, 413, 506, 692, 733, 826, 848, 941]\n",
      "[-849, -826, -757, -724, -701, -624, -617, -592, -551, -444, -166, -60, 185, 590, 653, 747, 930, 935, 974, 984]\n",
      "[-995, -907, -882, -790, -734, -676, -464, -147, 68, 260, 267, 452, 536, 552, 578, 584, 715, 750, 753, 866]\n",
      "[-919, -919, -720, -667, -614, -545, -476, -325, 35, 104, 215, 332, 392, 465, 502, 599, 739, 934, 961, 992]\n",
      "[-778, -742, -703, -539, -328, -307, -300, -293, -250, -228, -31, 150, 355, 379, 669, 696, 806, 899, 915, 987]\n",
      "[-934, -837, -693, -636, -352, -301, -289, -226, -151, -24, 48, 138, 179, 471, 586, 609, 836, 839, 871, 926]\n",
      "[-982, -933, -726, -679, -629, -470, -422, -127, -126, -116, -101, 18, 149, 164, 211, 463, 501, 810, 857, 968]\n",
      "[-979, -963, -952, -951, -780, -771, -767, -680, -642, -471, -382, -310, -298, -250, 84, 116, 143, 331, 752, 975]\n",
      "[-834, -765, -542, -514, -435, -412, -356, -188, -134, -30, -5, 396, 492, 648, 671, 675, 720, 847, 859, 968]\n",
      "[-952, -946, -935, -930, -824, -767, -759, -641, -583, -343, -319, -186, -144, -133, -83, -72, -44, 225, 772, 826]\n",
      "[-1000, -915, -745, -721, -584, -406, -356, -326, -122, 316, 355, 436, 513, 520, 531, 677, 793, 798, 810, 958]\n",
      "[-901, -614, -600, -320, -259, -252, -196, 26, 142, 196, 226, 356, 387, 405, 441, 449, 651, 651, 738, 802]\n",
      "[-985, -967, -850, -626, -568, -442, -287, 90, 91, 224, 292, 515, 528, 539, 587, 588, 672, 682, 760, 864]\n",
      "[-933, -797, -480, -471, -336, -235, -136, -96, -71, -49, 138, 150, 166, 320, 379, 401, 474, 749, 826, 831]\n",
      "[-948, -796, -709, -651, -598, -544, -371, -336, -326, -79, 245, 275, 419, 537, 612, 631, 649, 747, 897, 950]\n"
     ]
    }
   ],
   "source": [
    "def TS(matrix):\n",
    "    for i in range(n):\n",
    "        tournament_sort(matrix[i])\n",
    "    return matrix\n",
    "def tournament_sort(arr):\n",
    "    for i in range(len(arr)):\n",
    "        a = 1\n",
    "        while a < len(arr):\n",
    "            k = 0\n",
    "            while k*a*2 < len(arr):\n",
    "                if k*a*2+a < len(arr):\n",
    "                    if arr[k*a*2 + a] < arr[k*a*2]:\n",
    "                        arr[k*a*2 + a], arr[k*a*2] = arr[k*a*2], arr[k*a*2+a]\n",
    "                k+=1\n",
    "            a*=2\n",
    "    return arr\n",
    "matrix2 = TS(matrix)\n",
    "for i in range(n):\n",
    "    print(matrix2[i])"
   ]
  },
  {
   "cell_type": "markdown",
   "metadata": {},
   "source": [
    "### Пирамидальная сортировка"
   ]
  },
  {
   "cell_type": "code",
   "execution_count": 9,
   "metadata": {},
   "outputs": [
    {
     "name": "stdout",
     "output_type": "stream",
     "text": [
      "[-817, -744, -669, -560, -305, -302, -128, 14, 84, 201, 315, 378, 441, 457, 519, 749, 763, 783, 803, 922]\n",
      "[-935, -746, -731, -724, -698, -648, -620, -582, -260, -152, 164, 164, 180, 347, 496, 610, 742, 772, 866, 973]\n",
      "[-960, -872, -862, -817, -805, -463, -286, -218, -190, -167, -144, 122, 241, 280, 341, 409, 542, 570, 657, 918]\n",
      "[-998, -993, -508, -503, -344, -236, -173, -85, 56, 92, 100, 112, 130, 133, 330, 365, 466, 469, 686, 710]\n",
      "[-968, -844, -832, -807, -473, -469, -445, -421, -411, -95, -22, 19, 172, 196, 379, 408, 428, 436, 714, 998]\n",
      "[-952, -837, -744, -502, -417, -322, -229, -216, -83, 79, 216, 259, 365, 413, 506, 692, 733, 826, 848, 941]\n",
      "[-849, -826, -757, -724, -701, -624, -617, -592, -551, -444, -166, -60, 185, 590, 653, 747, 930, 935, 974, 984]\n",
      "[-995, -907, -882, -790, -734, -676, -464, -147, 68, 260, 267, 452, 536, 552, 578, 584, 715, 750, 753, 866]\n",
      "[-919, -919, -720, -667, -614, -545, -476, -325, 35, 104, 215, 332, 392, 465, 502, 599, 739, 934, 961, 992]\n",
      "[-778, -742, -703, -539, -328, -307, -300, -293, -250, -228, -31, 150, 355, 379, 669, 696, 806, 899, 915, 987]\n",
      "[-934, -837, -693, -636, -352, -301, -289, -226, -151, -24, 48, 138, 179, 471, 586, 609, 836, 839, 871, 926]\n",
      "[-982, -933, -726, -679, -629, -470, -422, -127, -126, -116, -101, 18, 149, 164, 211, 463, 501, 810, 857, 968]\n",
      "[-979, -963, -952, -951, -780, -771, -767, -680, -642, -471, -382, -310, -298, -250, 84, 116, 143, 331, 752, 975]\n",
      "[-834, -765, -542, -514, -435, -412, -356, -188, -134, -30, -5, 396, 492, 648, 671, 675, 720, 847, 859, 968]\n",
      "[-952, -946, -935, -930, -824, -767, -759, -641, -583, -343, -319, -186, -144, -133, -83, -72, -44, 225, 772, 826]\n",
      "[-1000, -915, -745, -721, -584, -406, -356, -326, -122, 316, 355, 436, 513, 520, 531, 677, 793, 798, 810, 958]\n",
      "[-901, -614, -600, -320, -259, -252, -196, 26, 142, 196, 226, 356, 387, 405, 441, 449, 651, 651, 738, 802]\n",
      "[-985, -967, -850, -626, -568, -442, -287, 90, 91, 224, 292, 515, 528, 539, 587, 588, 672, 682, 760, 864]\n",
      "[-933, -797, -480, -471, -336, -235, -136, -96, -71, -49, 138, 150, 166, 320, 379, 401, 474, 749, 826, 831]\n",
      "[-948, -796, -709, -651, -598, -544, -371, -336, -326, -79, 245, 275, 419, 537, 612, 631, 649, 747, 897, 950]\n"
     ]
    }
   ],
   "source": [
    "def HS(matrix):\n",
    "    for i in range(n):\n",
    "        heap(matrix[i])\n",
    "    return matrix\n",
    "def heapify(heap_array, n, k):  # Heap sort helper function\n",
    "    largest = k\n",
    "    left = 2 * k + 1\n",
    "    right = 2 * k + 2\n",
    "    if left < n and heap_array[largest] < heap_array[left]:\n",
    "        largest = left\n",
    "    if right < n and heap_array[largest] < heap_array[right]:\n",
    "        largest = right\n",
    "    if largest != k:\n",
    "        heap_array[k], heap_array[largest] = heap_array[largest], heap_array[k]\n",
    "        heapify(heap_array, n, largest)\n",
    "    return heap_array\n",
    "\n",
    "def heap(str_array):  # Heap sort function\n",
    "    for i in range(len(str_array) - 1, -1, -1):\n",
    "        heapify(str_array, len(str_array), i)\n",
    "    for i in range(len(str_array) - 1, 0, -1):\n",
    "        str_array[i], str_array[0] = str_array[0], str_array[i]\n",
    "        heapify(str_array, i, 0)\n",
    "    return str_array\n",
    "matrix2 = HS(matrix)\n",
    "for i in range(n):\n",
    "    print(matrix2[i])"
   ]
  },
  {
   "cell_type": "markdown",
   "metadata": {},
   "source": [
    "### Время"
   ]
  },
  {
   "cell_type": "code",
   "execution_count": 10,
   "metadata": {},
   "outputs": [
    {
     "name": "stdout",
     "output_type": "stream",
     "text": [
      "Сортировка по умолчанию   2.4800000000047007e-05\n",
      "Сортировка выбором        0.0007839999999998959\n",
      "Сортировка вставками      0.0001406999999999936\n",
      "Сортировка обменом        0.0007875999999999994\n",
      "Сортировка Шелла          0.0004516999999999438\n",
      "Пирамидальня Сортировка   0.0016895999999999578\n",
      "Быстрая сортировка        0.0010356000000000254\n",
      "Турнирная сортировка      0.009540499999999952\n"
     ]
    }
   ],
   "source": [
    "import timeit\n",
    "\n",
    "# Сортировка массива и вывод времени\n",
    "print(\"Сортировка по умолчанию   \" + str(timeit.timeit(\"DS(matrix)\", number=1, globals=globals())))\n",
    "print(\"Сортировка выбором        \" + str(timeit.timeit(\"SS(matrix)\", number=1, globals=globals())))\n",
    "print(\"Сортировка вставками      \" + str(timeit.timeit(\"IS(matrix)\", number=1, globals=globals())))\n",
    "print(\"Сортировка обменом        \" + str(timeit.timeit(\"BS(matrix)\", number=1, globals=globals())))\n",
    "print(\"Сортировка Шелла          \" + str(timeit.timeit(\"ShS(matrix)\", number=1, globals=globals())))\n",
    "print(\"Пирамидальня Сортировка   \" + str(timeit.timeit(\"HS(matrix)\", number=1, globals=globals())))\n",
    "print(\"Быстрая сортировка        \" + str(timeit.timeit(\"QS(matrix)\", number=1, globals=globals())))\n",
    "print(\"Турнирная сортировка      \" + str(timeit.timeit(\"TS(matrix)\", number=1, globals=globals())))"
   ]
  },
  {
   "cell_type": "code",
   "execution_count": null,
   "metadata": {},
   "outputs": [],
   "source": []
  }
 ],
 "metadata": {
  "kernelspec": {
   "display_name": "Python 3",
   "language": "python",
   "name": "python3"
  },
  "language_info": {
   "codemirror_mode": {
    "name": "ipython",
    "version": 3
   },
   "file_extension": ".py",
   "mimetype": "text/x-python",
   "name": "python",
   "nbconvert_exporter": "python",
   "pygments_lexer": "ipython3",
   "version": "3.8.5"
  }
 },
 "nbformat": 4,
 "nbformat_minor": 4
}
